01
01
01
01
00
73
01
01
00
67
01
00
2E
01
01
00
35
01
00
4E
00
7A
00
49
01
00
63
00
79
00
65
01
01
00
6E
00
6F
01
01
01
01
00
31
00
0A
00
7C
01
00
77
01
01
01
00
47
00
54
01
01
00
48
00
43
00
52
00
76
00
61
01
01
01
01
00
6C
01
00
2C
01
01
01
00
4F
01
01
00
4B
01
01
01
00
29
00
55
00
59
00
5A
00
42
01
00
34
01
01
00
46
00
57
00
4D
01
00
41
01
00
44
00
3B
00
68
01
00
74
01
00
64
01
00
66
01
00
70
01
01
01
01
00
6A
00
78
00
30
01
00
50
00
39
00
32
01
01
01
00
72
01
00
6D
01
00
3A
01
01
00
4A
00
4C
01
01
00
38
00
45
00
33
01
01
00
75
01
00
62
01
00
6B
01
01
00
37
00
36
01
00
53
01
00
3F
01
01
01
01
01
01
01
00
XX
00
51
00
2D
00
56
00
28
00
21
00
71
00
27
00
69
00
20
