01
01
01
01
01
01
00
75
01
00
41
01
00
49
00
3C
01
00
30
00
7D
00
65
01
00
69
01
01
00
7B
01
01
00
21
01
00
36
01
00
3A
00
48
00
2B
01
01
01
00
51
00
44
00
55
01
00
31
00
3E
01
01
01
00
72
00
6C
01
01
01
01
00
67
00
4D
01
00
46
01
00
4F
00
35
01
00
5F
00
54
00
3B
01
01
01
00
70
00
64
00
6E
00
0A
01
01
01
01
01
01
00
27
01
01
00
2E
01
00
37
01
01
01
00
XX
00
78
00
7C
00
3F
00
6D
00
68
01
00
22
01
00
58
00
5D
01
01
01
00
5B
00
45
00
73
01
00
2A
01
01
01
01
00
53
00
52
00
79
00
76
01
01
00
6B
00
6A
00
50
01
00
09
01
00
61
00
66
01
01
01
01
00
6F
00
63
01
01
01
00
4E
00
32
00
4C
00
2C
01
00
29
00
28
01
01
00
20
01
01
00
2D
01
00
25
01
01
01
00
38
01
00
7A
00
33
00
77
00
71
00
3D
01
00
74
01
00
62
01
01
00
5C
00
26
01
01
00
47
01
00
23
01
00
57
00
43
00
42
